5
11
21
21
212
31
5
13
46
3
9
259
14
123
6
6
8
11
76
35
194
14
37
401
26
8
177
19
9
13
56
160
83
101
316
240
94
48
183
331
78
69
100
382
31
347
263
444
129
194
216
69
438727
312
178
115
210
353
71
77
81
62
104
75
292
67
58
120
55
68
34
114
43
98
58
70
129
104
149
100
38
31
116
59
230
41
50
79
135
103
20816
171
268
555
444
172
1443
326
307
145
379
1421
453
158556
157
61
185
402
703
269
304
369
399
219
175
522
82
162
90
306
544
441
54
178
371
209
217
304
159
239
336
196
362
345
123
303
8473
219
68
200
308
198
103
1894
218
109
169
220
20423
87
108
145
106
65
115
53
72
69
120
82
72
26
55
68
214
82
77
144
93
60
42
36
72
51
46
135
48
52
75
50
45
46
94
85
109
31
57
70
57
121
41
120
55
60
112
400
141
140
58
167
44
53
52
116
241
161
93
75
522
101
150
68
189
124
263
73
359
271
350
130
185
151
249
67
135
105
222
191
170
148
67
74
137
120
65
85
37658
219
145
111
87
320
65
159
134
57
59
71
66
106
85
10
26
107
197
115
53
197
157
117
75
27
71
91
176
55
49
54
35
56
47
62
23
111
103
21
90
84
53
209
33
73
61
112
137
140
37
75
110
38
61800
54
104
144
193
62
131
48
49
420
69
27
46
85
69
108
121
104
68
47
47
108
132
947
519
149
326
137
129
160
215
304
140
96
74
520
90
943
63
103
38
238
77
159
99
80
115
120
71
39
59
45
315
342
99
130
245
58
86
107
76
68
120
349
94
225
200
83
416
499
225
81
343
1113
260
214
75
218
389
135
74
69
80
206
108
364
203
136
31
81
283
464
3777
372
640
538
553
103
82
154
143
117
65
161
151
633
230
331
146
51
100
37
199
109
72
21
36
70
38
142
52
51
192
522
2108
110
1215
117
85
375
490
4503
682
336
175
420
167984
150
428
298
82
140
57
459
126
407
308
218
5897
48
131
171
7001
220
167
540
1082
461
101
96
639
118
98
73
514
163
261
129
189
100
195
149
77662
143
226
107
718
297
80
44
238
496
88
133
100
73
170
177
160
69
236
533
273
505
432
59
423
247
314
391
602
147
151
122
247
302
324956
620
360
721
128
236
330
405
95
66
83
703
297
227
694
159136
1570
340
207
140
1002
403
577
197
129
442
231
115
95
578
78
520
209
190
245
119
105
117
165
53
272
347
3477
285
121
264
208
52
195
81
6098
242
2120
264
651
176
120
113
23
310
105
1204
837
239
89
329104
582
427
72
529
376
108
651
205
133
313
108
132
394
38
71
57
67
85
320
433
383
184
215
213
175
148
438
71
165
185
112
53
89523
32
265
52
194
106
28
96
142
26
78
103
75
123
28
99
1635
96
64
104
104
58
26
120
12
17
22
88
53
60
40
75
30
32
80
31
116
262
138
3509
254
168
191
121
246
92
31
359
55
157
267
205363
163
246
305
79
200
944
505
254
152
180
701
624
139
145
67
41
303
446
45
109
82
231
8
148
121
92
454
661
178
78
34
48
158
83
88
97
14
40
30
81
615
34
26
52
81
118
73
246
34
52
180
70
433629
217
44
635
525
188
153
219
204
67
64
66
75
70
123
107
78
73
43
141
35
51
38
73
95
251
56
12
150
40
47
77
39
1551
4341
104
408
76
69
93
184
532
82
226
149
370
1014
109
286
221
743
119
139
62
138
134
63
72
266
432
127
592
82
230
36
101
214
39
249
26625
62
125
204
64
63
201
92
329
167
236889
73
173
46
245
69
35
32
185
192
372
516
137
311
22721
526
75
158
103
42917
141
171
129
41497
308
53107
120
192
89
150
71
80
64
196
103
119
56
1
0
1
67
44
145
58
141
77
73
64
25
51
118
65
50
90
46
0
384
31
37
74
710
118
508
396
138
170
109
195
134
57
721
163
239
424
308
143
430
195
50
94
96
49
282
89
142
136
227
5370
98
344
172
464
94
58
51
182
748
125
358
56
82
81963
211
201
95
509
127
441
121
95
90
330
236
414
824
106
49
125
109
183
126
372
88
65
107
162
28245
74
128
45
64
74
67
148
83
102
85
110
208
182
235
151
148
331
107
91
152
1777
41
164
166
190
62
34575
33
163
142
252
407
41
65
165
53
569
98
100
1446
136
575
49
135
223
677
230
160
85
192
384
223
183
203
953
64
199
239
431
101
169
8521
90938
3803
580
137
71
27
267
118
233
55
451
49
160
67
119
176
31691
53
218
284
105
80
92
140
221
102
44
4356
331
206
508
218
210
317
106
177
123
194
5351
753
117
206
9530
205
202
229
255
48
341
58
139
250
359
301
160
83
168
212
277
119
188
622
172
48
5627
1109
195
215
491
45
179
324
265
80
676
245
291
105
76
30
75
242
18
37
192
71100
62
70
124
107
155
89
59
3788
45
80
169
46
139
122
44
62
48
79
82
192
49
79376
524
210
62
56
51
455
430
119
99
396
291
343
426
143
640
235
124
157
223
209
10642
790
524
334
234
266
81
419
30149
188
159
124
180
120
237
101
74
51
228
282
111
13541
108
82
184
337
37
85
124
93
68
336
69
153
70
115
41
645
101
95
317
154
4588
178
148
2262
344
723
499
336
207
146
214
74
81406
82539
269
431
390
97
192
297
507
339
105
204
125
2413
151
7240
693
266
128
56
728
23
182424
208
208
1631
117
18550
79
32
79
407
101
72
119
344
530
53
61
51
79
157
150
74
24
41
97
212
75
34
39
164
131
46
75
194
130
108
161
46
639
302
916
459
421
831
206
610
828
265
71
375
620
158
89
469
321
74
77
51
68
139
234
140
108
207
110
86
204
68795
407
133
83
181
246
87
163
78
30
29
464
406
118
515
42
200
803
231
111
66
90
327
92
84
180
276
45
75
210
122
2988
42
142
98
261
593
152
2113
1056
645
1103
594
355
218
752
868
202
158
213
224
291
328
202
485
93
487
255
62678
820
430
601
548
471
423
262
824
216
1881
242
427
469
1166
663
376
152
220
608
696
341
900
429
443
111
334
90899
50
461
234
200
1067
292
286
560
1986
404
8351
42
231
92
190
139
29537
328
348
155
137
164
158
201
647
286
12058
111
86
498
168
73
283
47
47
60
26
20
38
45
141
125
94
95
118
145
102
13
82
55
70
80
46
107
71
621
482
578
64
189
248
195
190
165
48
119
170
108
56
108
52
156
124
197
128
135
235
84
92
153
213
32
99
365
146
926
197
66
68
189
136
5537
508
57
158
73
5598
97
144
74
107
183
220
77
53
89
106
80
141
218
56
126
501
403
2833
528
510
4106
1378
17
664
184
119
718
403
239
774
304
216
185
297
217
682
478
236
283
11388
1110
351
172
580
261
79
2745
541
32385
490
381
553
380
157
7
132
77
144
221
171
239
145
913
776
655
121
795
7162
1746
353
236
837
351
824
477
112
147
46
152
88
197
226
202
214
1180
298
279
69
182
73
344
326
136
312
121
7155
237
447
276
524
1922
620
115
778
261
539
122
218
146
169
92
126
290
223
57
332
410
264
1070
996
1004
469
1373
128
280
1286
1022
7920
660
1987
331
732
51976
431
155
109
143
458
275
15166
954
371
1173
973
557
563
574
270
481
635
173
234
227
177
166
46
444
125
2343
1530
476
301
478
556
468
768
236
135
81307
228
166
593
405
532
138
105
90
383
1136
238
393
265
147
426
527
291
321
1186
358
126
756
426
70
87
267
100
348
116
830
243
883
528
359
107
342
59931
227
256
171
252
74
146
159
99
157
154
197
326
210
193
235
145
8621
235
1015
19412
377
156
157
845
440
740
130
2516
160
769
38
475
346
638
892
297
447
144
174
378
1634
46
269
314
215
301
332
194
388
169
144
110
718
168
199
278
120
73
50549
285
307
132
184
113
61
167
211
95
10291
181
189
179
142
63
171
95
218
216
426
61
78
70
256
49
129
74
261
50
21
67
151
556
63
66
13
822
169
14
32
52
65
65
172
71
1174
101
300
215
299
135
180
113
110
335
225
147
39
213
109
66
505
401
175
552
302
110
250
146
178
350
128
150
191
120
979
149
116
310
172
1111
213
556
40
131
2022
206
208
177
234
110
48
240
98
106
397
172
805
263
263
909
188
406
194
287
245
1587
140
212
286
130
1035
345
96
76
98
159
137
140
321
139
1474
256
1538
674
338
1606
170
235
771
1274
703
343
23
276
71
281
190
108
354
347
98
95
234
82
483
222
419
